$ANSIBLE_VAULT;1.1;AES256
64653330353131323862383964363834623063646364333235636135366232393938383533666537
6331353537316464326437383461346363303637396236300a316230653533333035326439373865
61353235343132643837316562663136373236616631303437383832346135386233383066656139
3361623239626336310a333163323032386535643439323063383332633064393432373666326466
61396339343364326132323737346165393832323735633265356132623761313635643565326333
38303731313831616330623936366337663137326236653334356237636166326538373365643666
61376262313434646637333238616538613931383531393565363466656161316665656264623738
61383361326336386632323437346431326435363064333566333163636430383935373438306635
66666362363035366331313834393539643765396331306263653261636433356135636335613866
31363065383966653736313663633434326630643632396532383433613763623566393666396631
36346236643562363137643135613433333665313439333439363361386364393730353461346531
39363234656639373061613630643133313433626231353630356163386635636530636565313362
31306439363330663962323665333565633231643637663131386232303137656535636666333666
61383733323064363330613834343432323332303166633862373061613266616635323164663266
35633837386331643235386434333231353033616462363434346439313131303139326365623436
65396264616436623133303036343861303532383037363065353336393539303563346130383966
36306261666130383234626238623031643131396364666432336364346431303565366630656139
61666231303238333964323865353630333439646330356532383032343566363039303964373664
33393666623632373431393839373665316163363736333836636262613262353163323232613032
35626133343064656166616461373264343461333661326666656437633230356232383264616138
31626631633335343361623236366563376632323066646433643564336233353630343966666131
64656533336163653938666662623761383534656138333733396531363535623430396339643639
31376238636339303434643430663463396666346366613137366362393538383366316334316263
32323437313466653038363433613638646664616638383863303436656137373532373131313833
35623236306135363530613663313336313361353764633435663239366539643865
