$ANSIBLE_VAULT;1.1;AES256
37316338353232636365353637326635393530653963303261386432363832653561336338366135
3139613838626664323637306330326434653633663134370a363465363761376465303431366631
34376331306339646134656135303837623534363162376237306436383235646231633231303236
3436613637386366610a653136636430336632313161653562643034303439326638396230613232
63313936393065363165313562386666653261343333656631623738383038356363623562323733
65366334653334313435306231623930663835616366643861336334323737393130396236623032
30376161353664643361373738663931386665363935663632316564313164616566636166336463
32326639343166613135316339666133303563663264616231303263396532303939633763303166
35346632626364393664333439626663656435396239366134316261636137623633616635363763
63633533393164316662376664386662646531623430303733633930646263373537646330333165
66333433326234383935383161346663313534313939313936333932633432326331326231376631
65666139313039363131663363343930396531653166363436363335633966613035663232396533
35663530666665316330303665316462336562633664336232656362323238343961653232626339
62336431323963396530643538333833633961306439646361333532663365626633336163633730
31303938323366623435383961633463653764643431633735306362643634623034353166663530
62313439333737313662
